210.666383	2893.000000
212.794538	2942.000000
214.921705	2949.000000
217.047884	2920.000000
219.173077	2962.000000
221.297283	2960.000000
223.420505	2991.000000
225.542741	2942.000000
227.663994	2926.000000
229.784264	2933.000000
231.903551	15000.000000
234.021857	2937.000000
236.139181	2985.000000
238.255525	2969.000000
240.370889	2976.000000
242.485275	2965.000000
244.598682	2932.000000
246.711111	2972.000000
248.822564	2998.000000
250.933041	2972.000000
253.042542	15000.000000
255.151069	2990.000000
257.258621	3004.000000
259.365200	2973.000000
261.470806	2962.000000
263.575441	2990.000000
265.679104	2983.000000
267.781797	2974.000000
269.883520	2992.000000
271.984273	2959.000000
274.084058	2945.000000
276.182876	2969.000000
278.280726	2939.000000
280.377610	3044.000000
282.473528	2963.000000
284.568481	2996.000000
286.662470	3010.000000
288.755495	2967.000000
290.847557	2966.000000
292.938657	2943.000000
295.028796	2972.000000
297.117973	2935.000000
299.206191	2979.000000
301.293448	3027.000000
303.379747	2995.000000
305.465088	2994.000000
307.549471	2991.000000
309.632898	2961.000000
311.715368	2953.000000
313.796883	2999.000000
315.877444	15000.000000
317.957050	2983.000000
320.035703	2996.000000
322.113403	3014.000000
324.190151	3031.000000
326.265947	2986.000000
328.340794	3013.000000
330.414690	3020.000000
332.487636	3025.000000
334.559635	3027.000000
336.630685	2965.000000
338.700788	2974.000000
340.769944	2996.000000
342.838154	3034.000000
344.905419	2983.000000
346.971740	3024.000000
349.037116	2983.000000
351.101549	3010.000000
353.165040	3027.000000
355.227589	2977.000000
357.289196	2992.000000
359.349863	3043.000000
361.409590	3063.000000
363.468378	2989.000000
365.526227	2996.000000
367.583138	2992.000000
369.639112	3015.000000
371.694150	2997.000000
373.748251	3044.000000
375.801417	3000.000000
377.853649	3012.000000
379.904946	3001.000000
381.955311	3014.000000
384.004743	2996.000000
386.053242	2964.000000
388.100811	3016.000000
390.147449	3026.000000
392.193157	3031.000000
394.237935	2986.000000
396.281785	3002.000000
398.324707	3004.000000
400.366701	3057.000000
402.407769	3045.000000
404.447911	3047.000000
406.487127	2985.000000
408.525419	3018.000000
410.562787	3036.000000
412.599231	3000.000000
414.634752	2997.000000
416.669351	3046.000000
418.703029	15000.000000
420.735786	3016.000000
422.767623	3086.000000
424.798540	3034.000000
426.828539	3077.000000
428.857619	3051.000000
430.885781	3006.000000
432.913027	3033.000000
434.939356	3053.000000
436.964770	3016.000000
438.989269	3005.000000
441.012853	2967.000000
443.035523	2984.000000
445.057281	3040.000000
447.078126	3036.000000
449.098059	3052.000000
451.117082	3035.000000
453.135193	3052.000000
455.152395	3044.000000
457.168688	3022.000000
459.184072	3036.000000
461.198548	3061.000000
463.212116	3052.000000
465.224778	3046.000000
467.236534	3059.000000
469.247385	3022.000000
471.257331	3022.000000
473.266373	3082.000000
475.274511	3043.000000
477.281746	3055.000000
479.288079	3081.000000
481.293511	3041.000000
483.298042	3083.000000
485.301672	3025.000000
487.304402	3067.000000
489.306234	3106.000000
491.307167	3064.000000
493.307202	3107.000000
495.306340	3064.000000
497.304582	3055.000000
499.301927	3095.000000
501.298378	3058.000000
503.293933	3075.000000
505.288595	3058.000000
507.282363	3041.000000
509.275238	3013.000000
511.267221	3101.000000
513.258313	3073.000000
515.248514	3051.000000
517.237824	3030.000000
519.226245	3042.000000
521.213776	3082.000000
523.200420	3048.000000
525.186175	3053.000000
527.171043	3075.000000
529.155025	3039.000000
531.138121	3061.000000
533.120331	3062.000000
535.101656	3074.000000
537.082098	3119.000000
539.061656	3085.000000
541.040331	3036.000000
543.018124	3051.000000
544.995035	3089.000000
546.971065	3063.000000
548.946215	3078.000000
550.920485	3056.000000
552.893876	3093.000000
554.866388	3104.000000
556.838022	3027.000000
558.808779	3105.000000
560.778659	3048.000000
562.747663	3092.000000
564.715792	3086.000000
566.683045	3113.000000
568.649425	3064.000000
570.614930	3094.000000
572.579563	3088.000000
574.543323	3099.000000
576.506211	3150.000000
578.468228	3090.000000
580.429374	3101.000000
582.389650	3112.000000
584.349056	3101.000000
586.307594	3095.000000
588.265264	3135.000000
590.222066	3056.000000
592.178000	3098.000000
594.133069	3126.000000
596.087271	3061.000000
598.040608	3137.000000
599.993081	3084.000000
601.944690	3107.000000
603.895435	3095.000000
605.845317	3084.000000
607.794337	3092.000000
609.742495	3066.000000
611.689793	3079.000000
613.636230	3095.000000
615.581806	3098.000000
617.526524	3092.500000
619.470383	3087.000000
621.413384	3101.000000
623.355528	3117.000000
625.296814	3105.000000
627.237244	3100.000000
629.176819	3113.000000
631.115538	3100.000000
633.053403	3130.000000
634.990414	3062.000000
636.926572	3086.000000
638.861876	3094.000000
640.796329	3112.000000
642.729930	3133.000000
644.662680	3109.000000
646.594580	3097.000000
648.525630	3107.000000
650.455830	3108.000000
652.385182	3126.000000
654.313686	3064.000000
656.241342	3152.000000
658.168152	3107.000000
660.094115	3124.000000
662.019232	3103.000000
663.943505	3080.000000
665.866932	3142.000000
667.789516	3109.000000
669.711256	3114.000000
671.632154	3115.000000
673.552209	3102.000000
675.471423	3117.000000
677.389795	3128.000000
679.307327	3125.000000
681.224019	3135.000000
683.139872	3109.000000
685.054886	3136.000000
686.969062	3148.000000
688.882400	3090.000000
690.794901	3085.000000
692.706566	3110.000000
694.617394	3124.000000
696.527388	3112.000000
698.436546	3115.000000
700.344871	3094.000000
702.252362	3115.000000
704.159019	3108.000000
706.064845	3148.000000
707.969838	3109.000000
709.874001	3169.000000
711.777332	3161.000000
713.679833	3078.000000
715.581505	3132.000000
717.482347	3072.000000
719.382361	3132.000000
721.281548	3108.000000
723.179907	3137.000000
725.077439	3106.000000
726.974145	3162.000000
728.870025	3156.000000
730.765080	3176.000000
732.659311	3110.000000
734.552717	3173.000000
736.445301	3153.000000
738.337061	3134.000000
740.227999	3126.000000
742.118116	3141.000000
744.007411	3120.000000
745.895886	3152.000000
747.783541	3197.000000
749.670376	3157.000000
751.556393	3166.000000
753.441591	3122.000000
755.325971	3128.000000
757.209534	3146.000000
759.092281	3142.000000
760.974211	3181.000000
762.855326	3139.000000
764.735626	3138.000000
766.615111	3153.000000
768.493783	3185.000000
770.371641	3126.000000
772.248687	3181.000000
774.124920	3135.000000
776.000342	3154.000000
777.874952	3138.000000
779.748752	3115.000000
781.621742	3152.000000
783.493922	3147.000000
785.365294	3133.000000
787.235857	3169.000000
789.105612	3203.000000
790.974561	3154.000000
792.842702	3205.000000
794.710037	3180.000000
796.576567	3170.000000
798.442292	3139.000000
800.307212	3155.000000
802.171328	3146.000000
804.034641	3174.000000
805.897150	3147.000000
807.758858	3163.000000
809.619764	3165.000000
811.479868	3131.000000
813.339172	3167.000000
815.197676	3177.000000
817.055380	3211.000000
818.912285	3180.000000
820.768391	3143.000000
822.623700	3133.000000
824.478211	3190.000000
826.331925	3185.000000
828.184843	3134.000000
830.036965	3179.000000
831.888291	3212.000000
833.738823	3143.000000
835.588561	3148.000000
837.437505	3159.000000
839.285656	3177.000000
841.133014	3188.000000
842.979581	3199.000000
844.825355	3154.000000
846.670339	3139.000000
848.514532	3130.000000
850.357936	3176.000000
852.200550	3115.000000
854.042375	3135.000000
855.883412	3167.000000
857.723661	3163.000000
859.563123	3196.000000
861.401798	3181.000000
863.239687	3205.000000
865.076790	3201.000000
866.913109	3153.000000
868.748642	3152.000000
870.583392	3198.000000
872.417358	3186.000000
874.250541	3194.000000
876.082941	3160.000000
877.914560	3172.000000
879.745397	3189.000000
881.575453	3123.000000
883.404729	3235.000000
885.233225	3180.000000
887.060942	3160.000000
888.887880	3166.000000
890.714039	3165.000000
892.539421	3163.000000
894.364026	3182.000000
896.187854	3200.000000
898.010906	3167.000000
899.833182	3212.000000
901.654683	3181.000000
903.475409	3217.000000
905.295362	3202.000000
907.114540	3175.000000
908.932946	3186.000000
910.750579	3208.000000
912.567440	3172.000000
914.383530	3201.000000
916.198849	3209.000000
918.013397	3209.000000
919.827176	3128.000000
921.640185	3160.000000
923.452425	3204.000000
925.263896	3230.000000
927.074600	3180.000000
928.884536	3190.000000
930.693706	3190.000000
932.502109	3164.000000
934.309747	3203.000000
936.116619	3174.000000
937.922726	3211.000000
939.728069	3217.000000
941.532649	3178.000000
943.336465	3201.000000
945.139518	3237.000000
946.941809	3233.000000
948.743339	3200.000000
950.544107	3205.000000
952.344114	3192.000000
954.143362	3204.000000
955.941849	3218.000000
957.739578	3182.000000
959.536548	3206.000000
961.332760	3194.000000
963.128214	3206.000000
964.922910	3193.000000
966.716851	3239.000000
968.510035	3173.000000
970.302463	3259.000000
972.094137	3255.000000
973.885056	3206.000000
975.675220	3247.000000
977.464631	3192.000000
979.253289	3205.000000
981.041195	3231.000000
982.828348	3217.000000
984.614750	3207.000000
986.400400	3204.000000
988.185300	3206.000000
989.969450	3247.000000
991.752851	3182.000000
993.535502	3231.000000
995.317405	3232.000000
997.098559	3261.000000
998.878966	3193.000000
1000.658626	3263.000000
1002.437539	3251.000000
1004.215707	3236.000000
1005.993128	3226.000000
1007.769805	3184.000000
1009.545737	3229.000000
1011.320924	3239.000000
1013.095369	3228.000000
1014.869070	3275.000000
1016.642028	3236.000000
1018.414244	3192.000000
1020.185719	3211.000000
1021.956452	3194.000000
1023.726445	3241.000000
1025.495698	3188.000000
1027.264211	3228.000000
1029.031985	3251.000000
1030.799020	3197.000000
1032.565317	3218.000000
1034.330876	3228.000000
1036.095698	3252.000000
1037.859783	3237.000000
1039.623132	3236.000000
1041.385745	3233.000000
1043.147623	3250.000000
1044.908767	3222.000000
1046.669176	3248.000000
1048.428851	3218.000000
1050.187793	3218.000000
1051.946002	3251.000000
1053.703478	3253.000000
1055.460223	3240.000000
1057.216236	3243.000000
1058.971519	3267.000000
1060.726071	3217.000000
1062.479893	3214.000000
1064.232986	3220.000000
1065.985350	3221.000000
1067.736985	3221.000000
1069.487893	3238.000000
1071.238073	3225.000000
1072.987525	3208.000000
1074.736252	3218.000000
1076.484252	3224.000000
1078.231527	3243.000000
1079.978076	3234.000000
1081.723901	3252.000000
1083.469002	3209.000000
1085.213379	3286.000000
1086.957033	3275.000000
1088.699964	3219.000000
1090.442173	3208.000000
1092.183660	3224.000000
1093.924426	3257.000000
1095.664471	3287.000000
1097.403796	3265.000000
1099.142401	3246.000000
1100.880287	3242.000000
1102.617453	3240.000000
1104.353902	3255.000000
1106.089632	3228.000000
1107.824645	3233.000000
1109.558941	3311.000000
1111.292520	3274.000000
1113.025383	3211.000000
1114.757531	3270.000000
1116.488963	3208.000000
1118.219681	3259.000000
1119.949685	3251.000000
1121.678975	3249.000000
1123.407551	3231.000000
1125.135415	3268.000000
1126.862567	3269.000000
1128.589007	3257.000000
1130.314735	3268.000000
1132.039753	3269.000000
1133.764060	3304.000000
1135.487657	3210.000000
1137.210545	3280.000000
1138.932723	3246.000000
1140.654193	3262.000000
1142.374955	3250.000000
1144.095010	3281.000000
1145.814357	3234.000000
1147.532997	3243.000000
1149.250931	3241.000000
1150.968160	3353.000000
1152.684683	3310.000000
1154.400501	3225.000000
1156.115615	3247.000000
1157.830025	3234.000000
1159.543732	3278.000000
1161.256735	3299.000000
1162.969036	3276.000000
1164.680635	3291.000000
1166.391533	3257.000000
1168.101729	3219.000000
1169.811224	3235.000000
1171.520019	3254.000000
1173.228115	3201.000000
1174.935511	3286.000000
1176.642208	3249.000000
1178.348207	3251.000000
1180.053508	3285.000000
1181.758111	3256.000000
1183.462017	3283.000000
1185.165227	3282.000000
1186.867741	3291.000000
1188.569559	3268.000000
1190.270682	3306.000000
1191.971110	3203.000000
1193.670843	3301.000000
1195.369883	3243.000000
1197.068229	3296.000000
1198.765883	3271.000000
1200.462844	3289.000000
1202.159113	3310.000000
1203.854690	3257.000000
1205.549576	3304.000000
1207.243772	3235.000000
1208.937277	3272.000000
1210.630093	3237.000000
1212.322219	3286.000000
1214.013656	3312.000000
1215.704405	3301.000000
1217.394466	3324.000000
1219.083839	3314.000000
1220.772526	3235.000000
1222.460525	3296.000000
1224.147839	3248.000000
1225.834466	3268.000000
1227.520409	3271.000000
1229.205666	3243.000000
1230.890239	3326.000000
1232.574128	3346.000000
1234.257334	3268.000000
1235.939857	3293.000000
1237.621697	3373.000000
1239.302854	3257.000000
1240.983330	3237.000000
1242.663125	3262.000000
1244.342239	3234.000000
1246.020672	3238.000000
1247.698426	3238.000000
1249.375500	3254.000000
1251.051895	3271.000000
1252.727611	3287.000000
1254.402649	3297.000000
1256.077009	3289.000000
1257.750692	3253.000000
1259.423698	3267.000000
1261.096028	3369.000000
1262.767681	3316.000000
1264.438660	3292.000000
1266.108963	3320.000000
1267.778591	3289.000000
1269.447545	3346.000000
1271.115825	3328.000000
1272.783432	3308.000000
1274.450366	3296.000000
1276.116627	3266.000000
1277.782216	3295.000000
1279.447134	3308.000000
1281.111381	3276.000000
1282.774956	3308.000000
1284.437862	3291.000000
1286.100097	3287.000000
1287.761663	3250.000000
1289.422561	3282.000000
1291.082789	3276.000000
1292.742349	3301.000000
1294.401242	3329.000000
1296.059467	3325.000000
1297.717026	3299.000000
1299.373918	3274.000000
1301.030144	3284.000000
1302.685704	3330.000000
1304.340600	3318.000000
1305.994830	3301.000000
1307.648396	3295.000000
1309.301299	3298.000000
1310.953538	3297.000000
1312.605114	3313.000000
1314.256028	3252.000000
1315.906279	3347.000000
1317.555869	3289.000000
1319.204797	3276.000000
1320.853065	3264.000000
1322.500672	3288.000000
1324.147619	3269.000000
1325.793906	3258.000000
1327.439535	3224.000000
1329.084505	3296.000000
1330.728816	3280.000000
1332.372469	3266.000000
1334.015466	3253.000000
1335.657805	3320.000000
1337.299487	3338.000000
1338.940513	3358.000000
1340.580884	3323.000000
1342.220599	3314.000000
1343.859659	3290.000000
1345.498065	3331.000000
1347.135817	3279.000000
1348.772915	3281.000000
1350.409360	3321.000000
1352.045152	3345.000000
1353.680291	3303.000000
1355.314779	3287.000000
1356.948615	3356.000000
1358.581800	3274.000000
1360.214334	3250.000000
1361.846218	3313.000000
1363.477453	3247.000000
1365.108037	3314.000000
1366.737973	3325.000000
1368.367260	3273.000000
1369.995899	3310.000000
1371.623890	3347.000000
1373.251234	3303.000000
1374.877930	3320.000000
1376.503980	3292.000000
1378.129384	3295.000000
1379.754143	3347.000000
1381.378256	3303.000000
1383.001724	3278.000000
1384.624548	3296.000000
1386.246727	3293.000000
1387.868263	3305.000000
1389.489156	3321.000000
1391.109406	3245.000000
1392.729014	3314.000000
1394.347979	3370.000000
1395.966303	3302.000000
1397.583986	3322.000000
1399.201028	3294.000000
1400.817430	3315.000000
1402.433191	3307.000000
1404.048314	3265.000000
1405.662797	3303.000000
1407.276641	3301.000000
1408.889847	3297.000000
1410.502415	3321.000000
1412.114346	3252.000000
1413.725640	3339.000000
1415.336297	3284.000000
1416.946318	3312.000000
1418.555702	3298.000000
1420.164452	3328.000000
1421.772566	3261.000000
1423.380046	3348.000000
1424.986891	3310.000000
1426.593103	3311.000000
1428.198681	3320.000000
1429.803626	3296.000000
1431.407939	3316.000000
1433.011619	3343.000000
1434.614668	3299.000000
1436.217085	3350.000000
1437.818871	3318.000000
1439.420027	3288.000000
1441.020552	3271.000000
1442.620448	3373.000000
1444.219714	3271.000000
1445.818351	3281.000000
1447.416360	3326.000000
1449.013740	3337.000000
1450.610493	3302.000000
1452.206618	3295.000000
1453.802117	3382.000000
1455.396988	3351.000000
1456.991234	3310.000000
1458.584854	3349.000000
1460.177848	3337.000000
1461.770217	3305.000000
1463.361962	3315.000000
1464.953082	3325.000000
1466.543579	3304.000000
1468.133452	3316.000000
1469.722703	3312.000000
1471.311330	3301.000000
1472.899336	3338.000000
1474.486720	3352.000000
1476.073482	3394.000000
1477.659623	3248.000000
1479.245144	3312.000000
1480.830044	3349.000000
1482.414324	3356.000000
1483.997985	3369.000000
1485.581027	3340.000000
1487.163451	3318.000000
1488.745256	3360.000000
1490.326443	3350.000000
1491.907012	3342.000000
1493.486965	3312.000000
1495.066301	3337.000000
1496.645020	3324.000000
1498.223124	3313.000000
1499.800612	3327.000000
1501.377485	3362.000000
1502.953743	3324.000000
1504.529387	3302.000000
1506.104417	3302.000000
1507.678833	3397.000000
1509.252636	3311.000000
1510.825826	3348.000000
1512.398404	3325.000000
1513.970370	3339.000000
1515.541724	3320.000000
1517.112467	3383.000000
1518.682599	3426.000000
1520.252121	3310.000000
1521.821032	3293.000000
1523.389334	3366.000000
1524.957026	3361.000000
1526.524110	3307.000000
1528.090585	3311.000000
1529.656452	3380.000000
1531.221711	3305.000000
1532.786362	3322.000000
1534.350407	3265.000000
1535.913845	3269.000000
1537.476676	3378.000000
1539.038902	3326.000000
1540.600522	3339.000000
1542.161538	3354.000000
1543.721948	3282.000000
1545.281754	3349.000000
1546.840956	3319.000000
1548.399555	3331.000000
1549.957551	3375.000000
1551.514943	3277.000000
1553.071733	3310.000000
1554.627922	3325.000000
1556.183508	3329.000000
1557.738493	3343.000000
1559.292877	3352.000000
1560.846661	3333.000000
1562.399845	3326.000000
1563.952429	3354.000000
1565.504413	3409.000000
1567.055798	3350.000000
1568.606585	3310.000000
1570.156773	3343.000000
1571.706364	3299.000000
1573.255357	3340.000000
1574.803753	3317.000000
1576.351552	3283.000000
1577.898755	3323.000000
1579.445362	3321.000000
1580.991373	3338.000000
1582.536789	3314.000000
1584.081609	3349.000000
1585.625836	3309.000000
1587.169468	3294.000000
1588.712507	3369.000000
1590.254952	3323.000000
1591.796804	3322.000000
1593.338063	3314.000000
1594.878731	3335.000000
1596.418806	3294.000000
1597.958290	3329.000000
1599.497182	3283.000000
1601.035484	3287.000000
1602.573195	3315.000000
1604.110317	3325.000000
1605.646848	3386.000000
1607.182791	3321.000000
1608.718144	3373.000000
1610.252909	3383.000000
1611.787086	3336.000000
1613.320675	3367.000000
1614.853676	3354.000000
1616.386090	3306.000000
1617.917918	3355.000000
1619.449159	3348.000000
1620.979814	3315.000000
1622.509884	3403.000000
1624.039368	3329.000000
1625.568267	3339.000000
1627.096582	3348.000000
1628.624313	3311.000000
1630.151460	3355.000000
1631.678023	3352.000000
1633.204004	3299.000000
1634.729402	3334.000000
1636.254217	3357.000000
1637.778451	3361.000000
1639.302102	3318.000000
1640.825173	3357.000000
1642.347663	3331.000000
1643.869572	3310.000000
1645.390901	3298.000000
1646.911651	3341.000000
1648.431820	3358.000000
1649.951411	3345.000000
1651.470423	3375.000000
1652.988857	3333.000000
1654.506713	3342.000000
1656.023991	3335.000000
1657.540692	3350.000000
1659.056816	3303.000000
1660.572364	3320.000000
1662.087335	3305.000000
1663.601730	3371.000000
1665.115551	3331.000000
1666.628795	3327.000000
1668.141466	3366.000000
1669.653562	3322.000000
1671.165083	3293.000000
1672.676032	3347.000000
1674.186406	3347.000000
1675.696208	3313.000000
1677.205438	3303.000000
1678.714095	3352.000000
1680.222180	3357.000000
1681.729694	3335.000000
1683.236636	3312.000000
1684.743008	3325.000000
1686.248809	3328.000000
1687.754040	3352.000000
1689.258702	3331.000000
1690.762794	3332.000000
1692.266316	3342.000000
1693.769271	3340.000000
1695.271657	3340.000000
1696.773475	3371.000000
1698.274725	3364.000000
1699.775408	3313.000000
1701.275524	3374.000000
1702.775074	3358.000000
1704.274057	3329.000000
1705.772475	3350.000000
1707.270327	3314.000000
1708.767614	3359.000000
1710.264336	3395.000000
1711.760494	3332.000000
1713.256087	3339.000000
1714.751117	3343.000000
1716.245583	3299.000000
1717.739487	3395.000000
1719.232827	3352.000000
1720.725605	3323.000000
1722.217822	3373.000000
1723.709476	3331.000000
1725.200569	3357.000000
1726.691102	3340.000000
1728.181074	3335.000000
1729.670485	3310.000000
1731.159336	3391.000000
1732.647628	3334.000000
1734.135361	3342.000000
1735.622535	3301.000000
1737.109150	3355.000000
1738.595207	3383.000000
1740.080707	3319.000000
1741.565649	3313.000000
1743.050033	3334.000000
1744.533861	3353.000000
1746.017132	3347.000000
1747.499848	3327.000000
1748.982007	3356.000000
1750.463611	3359.000000
1751.944660	3328.000000
1753.425154	3343.000000
1754.905094	3385.000000
1756.384480	3368.000000
1757.863312	3309.000000
1759.341591	3346.000000
1760.819317	3363.000000
1762.296490	3376.000000
1763.773110	3344.000000
1765.249179	3318.000000
1766.724696	3395.000000
1768.199662	3357.000000
1769.674076	3326.000000
1771.147940	3322.000000
1772.621254	3317.000000
1774.094018	3285.000000
1775.566232	3370.000000
1777.037897	3349.000000
1778.509013	3345.000000
1779.979580	3346.000000
1781.449599	3298.000000
1782.919071	3383.000000
1784.387994	3320.000000
1785.856371	3380.000000
1787.324200	3373.000000
1788.791483	3311.000000
1790.258219	3325.000000
1791.724410	3352.000000
1793.190055	3352.000000
1794.655155	3322.000000
1796.119710	3365.000000
1797.583721	3334.000000
1799.047187	3368.000000
1800.510109	3362.000000
1801.972488	3343.000000
1803.434323	3350.000000
1804.895616	3415.000000
1806.356366	3376.000000
1807.816574	3363.000000
1809.276240	3335.000000
1810.735365	3383.000000
1812.193948	3395.000000
1813.651990	3280.000000
1815.109492	3373.000000
1816.566454	3353.000000
1818.022875	3313.000000
1819.478757	3393.000000
1820.934100	3316.000000
1822.388904	3354.000000
1823.843170	3366.000000
1825.296897	3380.000000
1826.750086	3396.000000
1828.202738	3370.000000
1829.654853	3365.000000
1831.106430	3329.000000
1832.557471	3352.000000
1834.007976	3326.000000
1835.457945	3321.000000
1836.907378	3330.000000
1838.356276	3328.000000
1839.804640	3342.000000
1841.252468	3323.000000
1842.699762	3332.000000
1844.146522	3343.000000
1845.592749	3400.000000
1847.038442	3369.000000
1848.483603	3377.000000
1849.928230	3354.000000
1851.372326	3335.000000
1852.815889	3350.000000
1854.258921	3336.000000
1855.701421	3408.000000
1857.143391	3343.000000
1858.584829	3321.000000
1860.025738	3347.000000
1861.466116	3322.000000
1862.905964	3354.000000
1864.345284	3353.000000
1865.784074	3352.000000
1867.222335	3339.000000
1868.660068	3337.000000
1870.097273	3361.000000
1871.533950	3308.000000
1872.970100	3378.000000
1874.405722	3323.000000
1875.840818	3382.000000
1877.275387	3356.000000
1878.709430	3338.000000
1880.142947	3333.000000
1881.575939	3329.000000
1883.008405	3389.000000
1884.440347	3324.000000
1885.871764	3357.000000
1887.302657	3308.000000
1888.733025	3298.000000
1890.162871	3258.000000
1891.592193	3316.000000
1893.020992	3306.000000
1894.449268	3356.000000
1895.877022	3261.000000
1897.304254	3329.000000
1898.730965	3434.000000
1900.157154	3363.000000
1901.582822	3370.000000
1903.007969	3380.000000
1904.432596	3320.000000
1905.856702	3349.000000
1907.280289	3341.000000
1908.703357	3325.000000
1910.125905	3346.000000
1911.547935	3308.000000
1912.969446	3330.000000
1914.390438	3312.000000
1915.810913	3326.000000
1917.230871	3303.000000
1918.650311	3346.000000
1920.069234	3333.000000
1921.487640	3324.000000
1922.905531	3391.000000
1924.322905	3295.000000
1925.739763	3345.000000
1927.156106	3362.000000
1928.571935	3372.000000
1929.987248	3357.000000
1931.402047	3297.000000
1932.816332	3304.000000
1934.230103	3353.000000
1935.643360	3312.000000
1937.056105	3312.000000
1938.468336	3350.000000
1939.880055	3374.000000
1941.291262	3292.000000
1942.701957	3330.000000
1944.112140	3376.000000
1945.521812	3321.000000
1946.930972	3333.000000
1948.339623	3346.000000
1949.747762	3409.000000
1951.155392	3328.000000
1952.562512	3336.000000
1953.969122	3370.000000
1955.375224	3381.000000
1956.780816	3354.000000
1958.185900	3330.000000
1959.590476	3320.000000
1960.994544	3339.000000
1962.398104	3328.000000
1963.801157	3375.000000
1965.203703	3375.000000
1966.605742	3362.000000
1968.007275	3307.000000
1969.408302	3328.000000
1970.808823	3337.000000
1972.208839	3323.000000
1973.608349	3323.000000
1975.007355	3349.000000
1976.405856	3358.000000
1977.803853	3352.000000
1979.201346	3341.000000
1980.598335	3319.000000
1981.994821	3330.000000
1983.390804	3337.000000
1984.786285	3332.000000
1986.181263	3342.000000
1987.575738	3337.000000
1988.969712	3315.000000
1990.363185	3318.000000
1991.756156	3310.000000
1993.148627	3341.000000
1994.540597	3308.000000
1995.932066	3319.000000
1997.323036	3333.000000
1998.713506	3299.000000
2000.103476	3352.000000
2001.492948	3356.000000
2002.881920	3331.000000
2004.270395	3356.000000
2005.658371	3315.000000
2007.045849	3230.000000
2008.432830	3356.000000
2009.819313	3307.000000
2011.205299	3338.000000
2012.590789	3325.000000
2013.975782	3351.000000
2015.360280	3384.000000
2016.744281	3359.000000
2018.127787	3367.000000
2019.510798	3348.000000
2020.893314	3327.000000
2022.275336	3344.000000
2023.656863	3321.000000
2025.037896	3309.000000
2026.418435	3358.000000
2027.798481	3339.000000
2029.178034	3348.000000
2030.557095	3328.000000
2031.935662	3314.000000
2033.313738	3355.000000
2034.691322	3387.000000
2036.068414	3340.000000
2037.445014	3290.000000
2038.821124	3287.000000
2040.196743	3339.000000
2041.571872	3363.000000
2042.946510	3338.000000
2044.320659	3311.000000
2045.694318	3325.000000
2047.067487	3349.000000
2048.440168	3319.000000
2049.812360	3331.000000
2051.184064	3331.000000
2052.555280	3336.000000
2053.926008	3314.000000
2055.296249	3365.000000
2056.666002	3309.000000
2058.035268	3381.000000
2059.404048	3390.000000
2060.772342	3297.000000
2062.140149	3374.000000
2063.507471	3296.000000
2064.874307	3360.000000
2066.240658	3313.000000
2067.606525	3290.000000
2068.971906	3359.000000
2070.336804	3316.000000
2071.701217	3306.000000
2073.065147	3306.000000
2074.428593	3299.000000
2075.791557	3277.000000
2077.154037	3308.000000
2078.516035	3327.000000
2079.877551	3301.000000
2081.238584	3321.000000
2082.599137	3312.000000
2083.959207	3318.000000
2085.318797	3293.000000
2086.677906	3326.000000
2088.036534	3300.000000
2089.394682	3328.000000
2090.752350	3319.000000
2092.109538	3316.000000
2093.466247	3321.000000
2094.822477	3342.000000
2096.178229	3312.000000
2097.533501	3293.000000
2098.888296	3336.000000
2100.242612	3338.000000
2101.596451	3307.000000
2102.949813	3330.000000
2104.302697	3340.000000
2105.655105	3344.000000
2107.007036	3413.000000
2108.358491	3279.000000
2109.709470	3259.000000
2111.059973	3254.000000
2112.410001	3308.000000
2113.759554	3292.000000
2115.108632	3375.000000
2116.457236	3293.000000
2117.805365	3329.000000
2119.153021	3294.000000
2120.500202	3302.000000
2121.846911	3271.000000
2123.193146	3346.000000
2124.538909	3286.000000
2125.884198	3287.000000
2127.229016	3295.000000
2128.573362	3285.000000
2129.917236	3301.000000
2131.260638	3305.000000
2132.603570	3325.000000
2133.946030	3301.000000
2135.288020	3340.000000
2136.629540	3356.000000
2137.970590	3276.000000
2139.311170	3312.000000
2140.651280	3364.000000
2141.990922	3332.000000
2143.330094	3312.000000
2144.668798	3282.000000
2146.007034	3302.000000
2147.344801	3258.000000
2148.682101	3326.000000
2150.018933	3292.000000
2151.355298	3321.000000
2152.691196	3303.000000
2154.026628	3347.000000
2155.361593	3327.000000
2156.696092	3306.000000
2158.030125	3256.000000
2159.363693	3313.000000
2160.696795	3309.000000
2162.029432	3307.000000
2163.361605	3247.000000
2164.693313	3306.000000
2166.024557	3290.000000
2167.355337	3286.000000
2168.685654	3307.000000
2170.015507	3235.000000
2171.344897	3303.000000
2172.673824	3303.000000
2174.002289	3345.000000
2175.330291	3313.000000
2176.657832	3293.000000
2177.984911	3259.000000
2179.311528	3273.000000
2180.637685	3316.000000
2181.963380	3262.000000
2183.288615	3304.000000
2184.613389	3313.000000
2185.937704	3298.000000
2187.261559	3336.000000
2188.584954	3289.000000
2189.907890	3296.000000
2191.230367	3360.000000
2192.552385	3325.000000
2193.873945	3300.000000
2195.195047	3246.000000
2196.515691	3270.000000
2197.835877	3310.000000
2199.155606	3290.000000
2200.474878	3270.000000
2201.793693	3319.000000
2203.112052	3337.000000
2204.429954	3257.000000
2205.747400	3317.000000
2207.064391	3281.000000
2208.380926	3275.000000
2209.697006	3370.000000
2211.012631	3278.000000
2212.327802	3242.000000
2213.642518	3274.000000
2214.956780	3383.000000
2216.270589	3287.000000
2217.583943	3283.000000
2218.896845	3281.000000
2220.209293	3251.000000
2221.521289	3319.000000
2222.832832	3335.000000
2224.143923	3285.000000
2225.454562	3280.000000
2226.764749	3289.000000
2228.074485	3303.000000
2229.383770	3227.000000
2230.692604	3262.000000
2232.000987	3300.000000
2233.308920	3268.000000
2234.616403	3293.000000
2235.923436	3303.000000
2237.230020	3297.000000
2238.536154	3300.000000
2239.841839	3316.000000
2241.147076	3346.000000
2242.451864	3279.000000
2243.756204	3266.000000
2245.060095	3234.000000
2246.363539	3278.000000
2247.666536	3301.000000
2248.969086	3271.000000
2250.271188	3283.000000
2251.572844	3329.000000
2252.874054	3309.000000
2254.174817	3364.000000
2255.475135	3249.000000
2256.775007	3305.000000
2258.074434	3264.000000
2259.373415	3252.000000
2260.671952	3276.000000
2261.970044	3264.000000
2263.267693	3256.000000
2264.564897	3324.000000
2265.861657	3274.000000
2267.157974	3274.000000
2268.453847	3300.000000
2269.749278	3264.000000
2271.044266	3316.000000
2272.338811	3261.000000
2273.632914	3259.000000
2274.926576	3234.000000
2276.219795	3268.000000
2277.512573	3322.000000
2278.804910	3278.000000
2280.096807	3271.000000
2281.388262	3285.000000
2282.679277	3276.000000
2283.969852	3255.000000
2285.259988	3287.000000
2286.549683	3231.000000
2287.838940	3270.000000
2289.127757	3234.000000
2290.416135	3251.000000
2291.704075	3287.000000
2292.991577	3255.000000
2294.278640	3261.000000
2295.565266	3245.000000
2296.851454	3227.000000
2298.137205	3249.000000
2299.422519	3245.000000
2300.707396	3322.000000
2301.991836	3240.000000
2303.275841	3317.000000
2304.559409	3230.000000
2305.842542	3270.000000
2307.125239	3255.000000
2308.407501	3252.000000
2309.689328	3228.000000
2310.970720	3233.000000
2312.251678	3235.000000
2313.532201	3277.000000
2314.812291	3252.000000
2316.091947	3246.000000
2317.371169	3222.000000
2318.649958	3199.000000
2319.928315	3230.000000
2321.206238	3278.000000
2322.483729	3285.000000
2323.760788	3301.000000
2325.037415	3203.000000
2326.313611	3283.000000
2327.589375	3299.000000
2328.864708	3206.000000
2330.139610	3262.000000
2331.414081	3219.000000
2332.688122	3259.000000
2333.961733	3213.000000
2335.234913	3265.000000
2336.507665	3265.000000
2337.779986	3309.000000
2339.051879	3261.000000
2340.323343	3264.000000
2341.594378	3218.000000
2342.864984	3198.000000
2344.135163	3242.000000
2345.404913	3216.000000
2346.674236	3236.000000
2347.943132	3263.000000
2349.211600	3239.000000
2350.479642	3209.000000
2351.747257	3252.000000
2353.014445	3214.000000
2354.281207	3237.000000
2355.547544	3249.000000
2356.813455	3230.000000
2358.078940	3238.000000
2359.344000	3231.000000
2360.608636	3230.000000
2361.872846	3248.000000
2363.136632	3245.000000
2364.399994	3225.000000
2365.662933	3259.000000
2366.925447	3219.000000
2368.187538	3258.000000
2369.449206	3224.000000
2370.710451	3228.000000
2371.971273	3257.000000
2373.231673	3205.000000
2374.491651	3261.000000
2375.751206	3226.000000
2377.010340	3212.000000
2378.269053	3246.000000
2379.527344	3300.000000
2380.785215	3166.000000
2382.042664	3219.000000
2383.299693	3242.000000
2384.556302	3227.000000
2385.812491	3196.000000
2387.068261	3217.000000
2388.323610	3247.000000
2389.578541	3209.000000
2390.833052	3229.000000
2392.087145	3208.000000
2393.340819	3236.000000
2394.594075	3233.000000
2395.846913	3224.000000
2397.099333	3216.000000
2398.351336	3196.000000
2399.602921	3228.000000
2400.854089	3282.000000
2402.104841	3266.000000
2403.355176	3184.000000
2404.605094	3226.000000
2405.854597	3216.000000
2407.103683	3245.000000
2408.352354	3241.000000
2409.600610	3210.000000
2410.848450	3221.000000
2412.095876	3222.000000
2413.342887	3232.000000
2414.589483	3200.000000
2415.835666	3235.000000
2417.081434	3222.000000
2418.326789	3207.000000
2419.571731	3228.000000
2420.816259	3194.000000
2422.060374	3199.000000
2423.304076	3223.000000
2424.547366	3239.000000
2425.790244	3238.000000
2427.032710	3183.000000
2428.274764	3217.000000
2429.516407	3189.000000
2430.757638	3231.000000
2431.998458	3203.000000
2433.238867	3241.000000
2434.478866	3226.000000
2435.718455	3220.000000
2436.957633	3177.000000
2438.196402	3215.000000
2439.434760	3220.000000
2440.672710	3245.000000
2441.910250	3190.000000
2443.147382	3162.000000
2444.384105	3225.000000
2445.620419	3220.000000
2446.856325	3208.000000
2448.091823	3207.000000
2449.326914	3211.000000
2450.561597	3180.000000
2451.795873	3174.000000
2453.029742	3202.000000
2454.263204	3155.000000
2455.496259	3229.000000
2456.728908	3176.000000
2457.961151	3155.000000
2459.192988	3209.000000
2460.424420	3175.000000
2461.655446	3198.000000
2462.886067	3216.000000
2464.116283	3163.000000
2465.346095	3186.000000
2466.575502	3215.000000
2467.804505	3195.000000
2469.033104	3254.000000
2470.261299	3165.000000
2471.489091	3171.000000
2472.716479	3173.000000
2473.943465	3189.000000
2475.170047	3185.000000
2476.396227	3216.000000
2477.622005	3135.000000
2478.847381	3246.000000
2480.072354	3202.000000
2481.296926	3164.000000
2482.521097	3192.000000
2483.744867	3185.000000
2484.968235	3151.000000
2486.191203	3199.000000
2487.413770	3156.000000
2488.635937	3134.000000
2489.857705	3182.000000
2491.079072	3171.000000
2492.300040	3175.000000
2493.520608	3168.000000
2494.740777	3143.000000
2495.960548	3219.000000
2497.179920	3181.000000
2498.398893	3139.000000
2499.617468	3192.000000
2500.835646	3215.000000
2502.053425	3185.000000
2503.270807	3162.000000
2504.487792	3125.000000
2505.704380	3144.000000
2506.920571	3157.000000
2508.136365	3160.000000
2509.351763	3185.000000
2510.566765	3180.000000
2511.781371	3168.000000
2512.995582	3196.000000
2514.209397	3170.000000
2515.422817	3178.000000
2516.635841	3194.000000
2517.848471	3248.000000
2519.060707	3142.000000
2520.272548	3157.000000
2521.483995	3143.000000
2522.695048	3175.000000
2523.905708	3154.000000
2525.115974	3179.000000
2526.325848	3176.000000
2527.535328	3177.000000
2528.744415	3141.000000
2529.953110	3157.000000
2531.161413	3165.000000
2532.369324	3174.000000
2533.576842	3148.000000
2534.783970	3130.000000
2535.990706	3162.000000
2537.197050	3154.000000
2538.403004	3123.000000
2539.608568	3146.000000
2540.813740	3137.000000
2542.018523	3133.000000
2543.222915	3201.000000
2544.426918	3149.000000
2545.630531	3167.000000
2546.833755	3108.000000
2548.036589	3192.000000
2549.239035	3150.000000
2550.441092	3124.000000
2551.642761	3143.000000
2552.844041	3168.000000
2554.044934	3152.000000
2555.245438	3133.000000
2556.445555	3154.000000
2557.645285	3123.000000
2558.844628	3164.000000
2560.043583	3150.000000
2561.242153	3140.000000
2562.440335	3187.000000
2563.638131	3141.000000
2564.835542	3174.000000
2566.032566	3175.000000
2567.229205	3116.000000
2568.425459	3145.000000
2569.621328	3156.000000
2570.816811	3131.000000
2572.011910	3125.000000
2573.206625	3162.000000
2574.400955	3130.000000
2575.594901	3154.000000
2576.788464	3147.000000
2577.981642	3124.000000
2579.174438	3129.000000
2580.366850	3183.000000
2581.558880	3101.000000
2582.750526	3097.000000
2583.941790	3128.000000
2585.132672	3162.000000
2586.323172	3139.000000
2587.513290	3208.000000
2588.703027	3148.000000
2589.892382	3148.000000
2591.081356	3113.000000
2592.269949	3119.000000
2593.458161	3126.000000
2594.645992	3184.000000
2595.833444	3080.000000
2597.020515	3132.000000
2598.207206	3119.000000
2599.393518	3113.000000
2600.579450	3114.000000
2601.765003	3112.000000
2602.950178	3106.000000
2604.134973	3125.000000
2605.319390	3128.000000
2606.503428	3091.000000
2607.687088	3138.000000
2608.870370	3115.000000
2610.053275	3116.000000
2611.235802	3104.000000
2612.417952	3105.000000
2613.599725	3083.000000
2614.781121	3169.000000
2615.962140	3116.000000
2617.142783	3070.000000
2618.323049	3144.000000
2619.502940	3093.000000
2620.682455	3130.000000
2621.861594	3120.000000
2623.040358	3129.000000
2624.218747	3152.000000
2625.396761	3150.000000
2626.574400	3077.000000
2627.751665	3080.000000
2628.928555	3100.000000
2630.105072	3112.000000
2631.281214	3063.000000
2632.456983	3094.000000
2633.632379	3092.000000
2634.807401	3112.000000
2635.982050	3140.000000
2637.156327	3077.000000
2638.330231	3085.000000
2639.503762	3076.000000
2640.676922	3138.000000
2641.849709	3090.000000
2643.022125	3090.000000
2644.194169	3074.000000
2645.365842	3066.000000
2646.537144	3083.000000
2647.708075	3115.000000
2648.878635	3087.000000
2650.048825	3073.000000
2651.218645	3105.000000
2652.388094	3079.000000
2653.557174	3083.000000
2654.725884	3033.000000
2655.894225	3054.000000
2657.062196	3096.000000
2658.229799	3061.000000
2659.397032	3087.000000
2660.563897	3076.000000
2661.730394	3109.000000
2662.896523	3114.000000
2664.062284	3026.000000
2665.227676	3055.000000
2666.392702	3112.000000
2667.557360	3068.000000
2668.721651	3025.000000
2669.885575	3123.000000
2671.049133	3059.000000
2672.212324	3062.000000
2673.375148	3082.000000
2674.537607	3098.000000
2675.699700	3057.000000
2676.861427	3109.000000
2678.022788	3079.000000
2679.183785	3061.000000
2680.344416	3047.000000
2681.504683	3034.000000
2682.664585	3024.000000
2683.824122	3087.000000
2684.983296	3042.000000
2686.142105	3107.000000
2687.300550	3051.000000
2688.458632	3062.000000
2689.616351	3085.000000
2690.773706	3073.000000
2691.930699	3073.000000
2693.087329	3049.000000
2694.243596	3085.000000
2695.399501	3084.000000
2696.555043	3084.000000
2697.710224	3052.000000
2698.865043	3046.000000
2700.019500	3058.000000
2701.173597	3092.000000
2702.327332	3056.000000
2703.480706	3062.000000
2704.633719	3011.000000
2705.786372	3029.000000
2706.938665	3002.000000
2708.090597	3038.000000
2709.242170	3075.000000
2710.393383	3079.000000
2711.544236	3068.000000
2712.694730	2987.000000
2713.844865	3071.000000
2714.994642	3021.000000
2716.144059	3037.000000
2717.293118	3064.000000
2718.441819	3039.000000
2719.590162	3083.000000
2720.738147	3066.000000
2721.885774	3038.000000
2723.033043	3034.000000
2724.179956	3045.000000
2725.326511	3017.000000
2726.472710	3007.000000
2727.618552	3025.000000
2728.764037	3051.000000
2729.909167	3020.000000
2731.053940	3098.000000
2732.198357	3015.000000
2733.342419	3030.000000
2734.486125	3025.000000
2735.629476	3022.000000
2736.772472	3081.000000
2737.915113	3047.000000
2739.057399	3059.000000
2740.199331	2994.000000
2741.340909	3049.000000
2742.482133	3032.000000
2743.623003	3009.000000
2744.763519	2985.000000
2745.903682	3021.000000
2747.043491	3030.000000
2748.182948	3062.000000
2749.322052	3016.000000
2750.460803	3032.000000
2751.599201	3062.000000
2752.737247	3015.000000
2753.874942	3069.000000
2755.012284	3032.000000
2756.149275	3016.000000
2757.285914	3015.000000
2758.422202	3009.000000
2759.558139	2996.000000
2760.693725	2990.000000
2761.828961	3008.000000
2762.963846	3005.000000
2764.098380	3018.000000
2765.232565	2988.000000
2766.366400	3009.000000
2767.499885	3020.000000
2768.633020	2996.000000
2769.765807	3011.000000
2770.898244	3030.000000
2772.030332	2984.000000
2773.162072	3036.000000
2774.293463	2970.000000
2775.424506	3005.000000
2776.555201	2947.000000
2777.685547	3024.000000
2778.815547	2986.000000
2779.945198	3029.000000
2781.074502	3016.000000
2782.203460	2985.000000
2783.332070	3014.000000
2784.460333	2995.000000
2785.588250	2954.000000
2786.715821	2970.000000
2787.843045	2970.000000
2788.969923	2991.000000
2790.096456	3047.000000
2791.222643	3031.000000
2792.348485	2977.000000
2793.473981	3019.000000
2794.599133	3005.000000
2795.723940	2997.000000
2796.848402	2963.000000
2797.972520	2992.000000
2799.096293	2947.000000
2800.219723	2958.000000
2801.342808	3044.000000
2802.465550	2981.000000
2803.587949	2940.000000
2804.710004	3037.000000
2805.831716	2975.000000
2806.953086	2980.000000
2808.074113	2980.000000
2809.194797	2956.000000
2810.315139	2932.000000
2811.435139	2983.000000
2812.554797	2946.000000
2813.674113	2974.000000
2814.793088	2966.000000
2815.911721	2966.000000
2817.030013	2961.000000
2818.147965	2983.000000
2819.265575	2997.000000
2820.382845	2987.000000
2821.499775	2975.000000
2822.616364	2978.000000
2823.732614	2937.000000
2824.848523	2974.000000
2825.964093	2891.000000
2827.079324	2917.000000
2828.194215	2969.000000
2829.308768	2958.000000
2830.422981	2961.000000
2831.536856	2963.000000
2832.650392	2938.000000
2833.763590	2968.000000
2834.876450	2971.000000
2835.988972	2956.000000
2837.101157	2937.000000
2838.213004	2897.000000
2839.324513	2982.000000
2840.435685	2943.000000
2841.546521	2976.000000
2842.657019	2982.000000
2843.767181	2932.000000
2844.877007	2969.000000
2845.986496	2967.000000
2847.095650	2936.000000
2848.204467	2941.000000
2849.312949	2898.000000
2850.421096	2958.000000
2851.528907	2951.000000
2852.636383	2936.000000
2853.743524	2938.000000
2854.850331	2967.000000
2855.956803	2917.000000
2857.062941	2935.000000
2858.168744	2962.000000
2859.274214	2943.000000
2860.379350	2973.000000
2861.484152	2970.000000
2862.588621	2949.000000
2863.692756	2937.000000
2864.796559	2901.000000
2865.900029	2954.000000
2867.003166	2879.000000
2868.105970	2924.000000
2869.208443	2926.000000
2870.310583	2926.000000
2871.412391	2887.000000
2872.513868	2959.000000
2873.615013	2902.000000
2874.715827	2917.000000
2875.816309	2965.000000
2876.916461	2921.000000
2878.016281	2919.000000
2879.115771	2919.000000
2880.214931	2930.000000
2881.313761	2890.000000
2882.412260	2922.000000
2883.510429	2897.000000
2884.608269	2929.000000
2885.705780	2927.000000
2886.802960	2925.000000
2887.899812	2919.000000
2888.996335	2928.000000
2890.092529	2936.000000
2891.188395	2897.000000
2892.283932	2874.000000
2893.379141	2883.000000
2894.474021	2866.000000
2895.568574	2936.000000
2896.662799	2886.000000
2897.756697	2907.000000
2898.850268	2889.000000
2899.943511	2885.000000
2901.036427	2896.000000
2902.129017	2893.000000
2903.221280	2949.000000
2904.313216	2908.000000
2905.404827	2934.000000
2906.496111	2922.000000
2907.587069	2896.000000
2908.677702	2896.000000
2909.768009	2858.000000
2910.857991	2895.000000
2911.947648	2893.000000
2913.036980	2932.000000
2914.125987	2834.000000
2915.214669	2861.000000
2916.303028	2869.000000
2917.391061	2900.000000
2918.478771	2920.000000
2919.566157	2913.000000
2920.653219	2874.000000
2921.739958	2914.000000
2922.826373	2890.000000
2923.912465	2856.000000
2924.998235	2868.000000
2926.083681	2903.000000
2927.168805	2867.000000
2928.253606	2863.000000
2929.338085	2904.000000
2930.422242	2852.000000
2931.506078	2839.000000
2932.589591	2845.000000
2933.672783	2879.000000
2934.755653	2908.000000
2935.838203	2850.000000
2936.920431	2869.000000
2938.002339	2870.000000
2939.083925	2851.000000
2940.165192	2854.000000
2941.246138	2869.000000
2942.326764	2922.000000
2943.407070	2851.000000
2944.487056	2901.000000
2945.566723	2877.000000
2946.646070	2860.000000
2947.725098	2897.000000
2948.803807	2897.000000
2949.882197	2870.000000
2950.960269	2876.000000
2952.038021	2856.000000
2953.115456	2892.000000
2954.192572	2852.000000
2955.269371	2875.000000
2956.345851	2814.000000
2957.422014	2872.000000
2958.497860	2844.000000
2959.573388	2824.000000
2960.648599	2837.000000
2961.723493	2837.000000
2962.798070	2834.000000
2963.872331	2832.000000
2964.946276	2840.000000
2966.019904	2822.000000
2967.093216	2834.000000
2968.166212	2847.000000
2969.238893	2848.000000
2970.311257	2812.000000
2971.383307	2835.000000
2972.455041	2827.000000
2973.526461	2789.000000
2974.597565	2838.000000
2975.668355	2854.000000
2976.738831	2861.000000
2977.808992	2815.000000
2978.878839	2856.000000
2979.948372	2801.000000
2981.017591	2851.000000
2982.086496	2840.000000
2983.155089	2817.000000
2984.223367	2818.000000
2985.291333	2834.000000
2986.358986	2825.000000
2987.426326	2830.000000
2988.493354	2850.000000
2989.560069	2863.000000
2990.626472	2817.000000
2991.692562	2820.000000
2992.758341	2857.000000
2993.823808	2817.000000
2994.888964	2807.000000
2995.953808	2832.000000
2997.018341	2830.000000
2998.082564	2814.000000
2999.146475	2814.000000
3000.210075	2835.000000
3001.273365	2798.000000
3002.336345	2849.000000
3003.399014	2823.000000
3004.461374	2823.000000
3005.523423	2799.000000
3006.585163	2799.000000
3007.646594	2818.000000
3008.707715	2781.000000
3009.768527	2823.000000
3010.829030	2839.000000
3011.889225	2783.000000
3012.949110	2813.000000
3014.008687	2792.000000
3015.067956	2801.000000
3016.126917	2801.000000
3017.185570	2827.000000
3018.243915	2792.000000
3019.301952	2778.000000
3020.359682	2804.000000
3021.417105	2786.000000
3022.474221	2801.000000
3023.531029	2738.000000
3024.587531	2815.000000
3025.643726	2772.000000
3026.699615	2779.000000
3027.755198	2834.000000
3028.810474	2805.000000
3029.865445	2783.000000
3030.920110	2826.000000
3031.974469	2753.000000
3033.028523	2767.000000
3034.082272	2794.000000
3035.135715	2761.000000
3036.188854	2829.000000
3037.241688	2780.000000
3038.294217	2793.000000
3039.346442	2791.000000
3040.398363	2812.000000
3041.449979	2798.000000
3042.501292	2792.000000
3043.552301	2800.000000
3044.603006	2797.000000
3045.653408	2764.000000
3046.703507	2745.000000
3047.753303	2766.000000
3048.802795	2766.000000
3049.851985	2818.000000
3050.900873	2778.000000
3051.949458	2818.000000
3052.997741	2803.000000
3054.045722	2743.000000
3055.093400	2779.000000
3056.140778	2763.000000
3057.187853	2755.000000
3058.234627	2727.000000
3059.281100	2797.000000
3060.327272	2773.000000
3061.373143	2719.000000
3062.418713	2781.000000
3063.463983	2763.000000
3064.508952	2772.000000
3065.553621	2808.000000
3066.597990	2743.000000
3067.642059	2728.000000
3068.685828	2799.000000
3069.729298	2762.000000
3070.772468	2740.000000
3071.815339	2761.000000
3072.857910	2748.000000
3073.900183	2763.000000
3074.942158	2775.000000
3075.983833	2730.000000
3077.025210	2726.000000
3078.066289	2758.000000
3079.107070	2743.000000
3080.147552	2771.000000
3081.187737	2711.000000
3082.227625	2713.000000
3083.267215	2717.000000
3084.306507	2727.000000
3085.345503	2727.000000
3086.384201	2725.000000
3087.422603	2724.000000
3088.460708	2726.000000
3089.498517	2735.000000
3090.536029	2735.000000
3091.573245	2756.000000
3092.610165	2786.000000
3093.646790	2735.000000
3094.683118	2729.000000
3095.719151	2713.000000
3096.754889	2752.000000
3097.790332	2741.000000
3098.825479	2689.000000
3099.860332	2750.000000
3100.894890	2758.000000
3101.929154	2750.000000
3102.963123	2746.000000
3103.996798	2730.000000
3105.030179	2725.000000
3106.063266	2781.000000
3107.096059	2691.000000
3108.128559	2729.000000
3109.160765	2715.000000
3110.192678	2736.000000
3111.224298	2718.000000
3112.255625	2717.000000
3113.286660	2720.000000
3114.317401	2717.000000
3115.347851	2698.000000
3116.378007	2683.000000
3117.407872	2734.000000
3118.437445	2736.000000
3119.466726	2764.000000
3120.495716	2687.000000
3121.524414	2667.000000
3122.552820	2733.000000
3123.580936	2688.000000
3124.608760	2700.000000
3125.636294	2735.000000
3126.663537	2711.000000
3127.690489	2700.000000
3128.717151	2704.000000
3129.743523	2706.000000
3130.769605	2711.000000
3131.795397	2673.000000
3132.820899	2704.000000
3133.846112	2720.000000
3134.871035	2685.000000
3135.895669	2671.000000
3136.920014	2688.000000
3137.944069	2716.000000
3138.967837	2700.000000
3139.991315	2764.000000
3141.014505	2633.000000
3142.037407	2656.000000
3143.060020	2690.000000
3144.082346	2624.000000
3145.104383	2694.000000
3146.126133	2716.000000
3147.147596	2732.000000
3148.168771	2697.000000
3149.189659	2676.000000
3150.210260	2695.000000
3151.230574	2704.000000
3152.250601	2682.000000
3153.270342	2672.000000
3154.289796	2718.000000
3155.308964	2661.000000
3156.327846	2692.000000
3157.346442	2659.000000
3158.364752	2664.000000
3159.382776	2675.000000
3160.400515	2618.000000
3161.417969	2688.000000
3162.435137	2711.000000
3163.452021	2674.000000
3164.468619	2667.000000
3165.484933	2665.000000
3166.500962	2690.000000
3167.516707	2697.000000
3168.532168	2657.000000
3169.547344	2667.000000
3170.562237	2676.000000
3171.576846	2679.000000
3172.591171	2628.000000
3173.605213	2638.000000
3174.618971	2689.000000
3175.632446	2656.000000
3176.645638	2629.000000
3177.658548	2652.000000
3178.671175	2655.000000
3179.683519	2654.000000
3180.695580	2602.000000
3181.707360	2664.000000
3182.718857	2670.000000
3183.730073	2619.000000
3184.741007	2631.000000
3185.751659	2615.000000
3186.762029	2636.000000
3187.772119	2665.000000
